32.428898 4.9947453 -2.9258695 0.77155024 0.80046695 1.8238376 2.986117 0 0.5623487 
47.228687 24.245457 -1.4356656 0.666483 0.61690265 1.722385 -1.8433524 0 0.25876492 
37.232563 5.01257 -2.9891617 0.7971408 0.8739972 1.8429003 -0.2426248 0 0.23686126 
4.8974843 2.0947435 -2.0488744 0.45301682 0.9174511 1.6622102 2.9031186 0 0.18863016 
22.274097 12.729499 -2.811832 0.78307766 0.844234 1.8176476 2.8122375 0 0.18829314 
3.3033319 -2.7475815 -1.4510195 0.65311164 0.9560448 1.8141218 1.4649218 0 0.15809385 
3.9140244 8.761317 -2.124666 0.68183273 0.9917981 1.9698697 3.0604608 0 0.14228536 
9.121835 2.5690396 -2.4771824 0.63803595 1.0343183 1.9028869 2.969604 0 0.1308234 
2.7707424 -16.574219 -1.9913619 0.5487742 0.53726125 1.7926346 -2.9414876 0 0.12906666 
5.8832026 2.0763166 -1.7831998 0.64057785 0.92021894 1.872286 1.9561374 0 0.12786302 
8.27431 4.3234844 -2.2486198 0.6553137 0.9116769 1.8769709 1.3627366 0 0.12731864 
23.866098 24.077267 -0.5530133 0.6374228 0.34285644 1.9264835 0.57595706 0 0.12103455 
3.0971875 9.667485 -1.8546205 0.69798374 1.0792984 1.8740698 3.0631912 0 0.11760566 
1.7803391 -9.477574 -1.8601289 0.5937659 0.78915864 1.8045373 1.5930299 0 0.114015 
18.65033 13.974124 -0.7026987 0.5899365 1.1382352 1.8563327 -1.6730697 0 0.10503821 
19.365906 18.130102 -0.54144025 0.6052768 0.63690585 1.8593104 1.3453882 0 0.104539156 
8.333405 6.570885 -2.845442 0.56976247 1.8821709 2.0662746 -1.4116633 1 0.27886423 
14.692229 16.769669 -0.8576219 1.5445487 3.6007383 1.544118 -1.501439 2 0.160799 
11.625851 -3.382191 -1.9861096 1.5984749 4.05628 1.6189976 1.5590355 2 0.13420482 
10.705547 6.5232606 -2.2463098 1.6059865 3.9324741 1.5689659 -1.9111631 2 0.1331562 
